st1 C
2(0,0,0) 1(255,130,45) 1(100,20,30) 1(99,55,66) 0 1(0,10,200) 0 5
0 0 1(255,130,45) 1(255,130,45) 1(255,130,45) 1(255,130,45) 1(255,130,45) 6
1(255,130,45) 0 1(255,130,45) 1(255,130,45) 1(255,130,45) 1(255,130,45) 1(255,130,45) 7
1(255,130,45) 1(255,130,45) 1(255,130,45) 1(255,130,45) 0 0 1(255,130,45) 8
1(255,130,45) 1(255,130,45) 1(255,130,45) 1(255,130,45) 1(255,130,45) 0 1(255,130,45) 8
1(255,130,45) 0 1(255,130,45) 1(255,130,45) 0 0 3(255,130,45) 4
end1
st2
2(0,0,0) 0 1(255,130,45) 1(255,130,45) 1(255,130,45) 1(255,130,45) 1(255,130,45) 6
0 1(255,130,45) 0 1(255,130,45) 0 1(255,130,45) 0 7
1(255,130,45) 1(255,130,45) 1(255,130,45) 0 1(255,130,45) 1(255,130,45) 0 8
1(255,130,45) 0 0 0 1(255,130,45) 0 0 5
1(255,130,45) 1(255,130,45) 1(255,130,45) 1(255,130,45) 1(255,130,45) 1(255,130,45) 3(255,130,45) 4
end2